5e+05
"Dense" "Dense" "Dense" "Dense" "Dense" "Dense" "Dense" "Dense" "Dense" "Dense" "Dense" "Dense" "Dense"
"Q_50" -12.4690173935453 -17.8947947084119 -16.1249374909007 -15.0305070383319 -17.7297730710833 -19.6362943354074 -17.9054457657426 -18.4518862795229 -18.5026501219174 -20.0641146743748 -20.6068070293096 -22.9413491480077 -22.4631979555913
"Q_56.25" -11.3806258060921 -12.6190270572487 -13.4703761409061 -17.4301968241957 -14.6000697204396 -18.0913492351443 -18.2799901363302 -19.5157471221656 -19.3332598893576 -19.5420365912639 -21.1065970219236 -22.4978221602642 -22.7689152982288
"Q_62.5" -10.7583644566215 -11.6590634573217 -12.2965858256069 -14.1739144890786 -15.5950110178775 -15.7485932395311 -16.6584020665024 -17.5610394674358 -18.2158702000293 -24.8481413259496 -21.8647523298614 -22.0881958270253 -21.1784084457496
"Q_68.75" -10.1284742050304 -11.0091696743255 -11.7337422812172 -12.4613405895524 -14.3473347167683 -15.8063112893583 -15.9444772029817 -16.7595559124738 -18.2577874006413 -18.8360040174263 -19.7178818945542 -22.1808582162800 -23.0426913529409
"Q_75" -9.28035956944437 -10.1920196048683 -11.2032512612581 -12.0041655019677 -13.0183725321618 -13.9375894813070 -15.2073913824660 -16.2397823381373 -17.0801430053849 -18.1954903667828 -19.0461932167348 -19.7127877068530 -21.4838401957141
"Q_81.25" -8.44002206639936 -9.3738243729465 -10.3541659159562 -11.3244221458653 -12.2840450993312 -13.4226224706945 -14.1953799127735 -15.1491804134700 -16.4359214403522 -17.4087342093937 -18.3643876735407 -19.2675754806457 -20.5622006371388
"Q_87.5" -7.45044427227197 -8.3399930191984 -9.321112587834 -10.2728583093711 -11.3286093419749 -12.3573644197579 -13.2210638379860 -14.2607043919094 -15.4213555451011 -16.2528662871011 -17.3633454535163 -18.5320312544894 -19.2774164645549
"Q_93.75" -6.20743203762439 -7.08504619787256 -8.01666897612329 -8.97865721942283 -9.93975794833202 -10.9778662863220 -11.9509775366188 -12.9279375538895 -13.9547975279129 -14.9405547366505 -15.9830791563476 -17.0475992275759 -17.9750340316239
"Q_100" -3.25804288908973 -3.61529935609744 -4.01609465691865 -4.44697584544875 -4.90103332227360 -5.36820698317855 -5.84504681293798 -6.33186269507963 -6.82437479138344 -7.32252696215098 -7.82747292013478 -8.33553983845326 -8.85244306244394
"x"
"1" -12.6385168405426
"2" -9.2113377096528
"3" -7.49605046371082
"4" -5.61576859322545
"5" -4.93824350834303
"6" -4.09432849332928
"7" -3.21578217544567
"8" -1.88097572920088
"9" -0.912758908187705
"x"
"1" -8.01339412778019
"2" -6.83857301963063
"3" -5.96236235011088
"4" -5.13510149363039
"5" -4.26260919229454
"6" -3.25933818393593
"7" -1.93203838225617
"8" Inf
