363994
"Dense" "Dense" "Dense" "Dense" "Dense" "Dense" "Dense" "Dense" "Dense" "Dense" "Dense" "Dense" "Dense"
"Q_50" -17.1632098636370 -22.444818370141 -16.8152844341297 -16.9403085544728 -15.6947289894332 -18.2479494958197 -18.5600892272362 -19.6391803273933 -21.5226232387773 -20.3318580635084 -24.0771341860173 -23.0140786721645 -24.3678618847572
"Q_56.25" -8.8362248178214 -9.86257832109498 -10.8739750818620 -11.9096614401504 -12.6395073435441 -13.6081641978334 -14.6549586628471 -15.8438408757511 -16.3919332736471 -17.2232269580430 -18.4348768535497 -19.5936472969163 -20.3621803624545
"Q_62.5" -7.80852353033933 -8.83585989811758 -9.80075488507724 -10.7714867129368 -11.7060273418192 -12.7226816641005 -13.7377990083698 -14.7587776876413 -15.9397317231744 -17.0945599951242 -18.0168525655514 -18.6450902838291 -19.8195942094164
"Q_68.75" -7.14987591899317 -8.09715965539386 -9.07491835521036 -10.1417906497066 -11.1059473160492 -12.1230829694921 -13.1059780245128 -14.1476505797213 -15.1724203102554 -16.2581963208662 -17.1755592762242 -18.2489300273728 -19.2813329609160
"Q_75" -6.62747307220332 -7.60443304948854 -8.61155059480968 -9.60015102076666 -10.549953690381 -11.5359762272864 -12.5919905106560 -13.5275118560554 -14.5544459175324 -15.6185203603163 -16.6026753673375 -17.5401778776031 -18.5643867859721
"Q_81.25" -6.12564819290205 -7.07335651155182 -8.06694595748015 -9.08312136742683 -10.0681608283495 -11.0700418982926 -12.0528501377927 -13.0675309954291 -14.0931156967321 -15.0699569547216 -16.0233684483825 -16.9873121218683 -18.0376803680127
"Q_87.5" -5.5990730479447 -6.54161710187681 -7.52342260193874 -8.53043881292065 -9.49864226469327 -10.4930510970045 -11.4983350635930 -12.5281618101688 -13.5279768031878 -14.5217763138482 -15.4654373593146 -16.4967905463214 -17.4756489206398
"Q_93.75" -4.91185229607739 -5.83224600333932 -6.7895236971011 -7.77970320725996 -8.77899743003948 -9.7582642364381 -10.7540275672986 -11.7547612486342 -12.7751999004146 -13.7775272960370 -14.7808455464203 -15.7578526729392 -16.7754133316707
"Q_100" -2.90854358787705 -3.37221878112357 -3.84452000084505 -4.32667674166731 -4.81491701894125 -5.30745306543274 -5.80437752997527 -6.30257182332218 -6.80320155151097 -7.30813092136348 -7.81481721548386 -8.32581120807755 -8.84411318057724
"x"
"1" -14.5056865345454
"2" -5.08751512935513
"3" -3.74017274450363
"4" -3.02522477488968
"5" -2.61651710151398
"6" -2.12478893455371
"7" -1.57743662967034
"8" -0.854925221374964
"9" -0.874157954122686
"x"
"1" -4.81155360759471
"2" -3.76764857578146
"3" -3.10465299416891
"4" -2.56821362857323
"5" -2.06271283619608
"6" -1.51067917870543
"7" -0.756643732501032
"8" Inf
