354524
"Dense" "Dense" "Dense" "Dense" "Dense" "Dense" "Dense" "Dense" "Dense" "Dense" "Dense" "Dense" "Dense"
"Q_50" -12.3287412577969 -15.9364452633497 -15.4096570861074 -14.5020578387474 -15.9648989313503 -17.6308182400855 -17.7304341880175 -18.1724097225208 -17.9285809466852 -19.8500168863326 -20.5074341744896 -21.5294819233704 -21.9756930418659
"Q_56.25" -11.2201613853814 -12.7672554814912 -13.8200932958649 -18.139125653712 -14.2470166790621 -17.2708388016556 -23.6622309565735 -21.0154767475747 -18.4897254600217 -18.8156997680834 -20.7792523592670 -25.3915341664815 -25.7827930461616
"Q_62.5" -10.7001941852316 -11.5962264546912 -12.1751275339668 -14.0806790303122 -14.9644891517054 -15.6560274921379 -15.8800773511945 -17.3466302528962 -17.9782432382151 -22.3143776095128 -24.6070887627552 -21.2612297862179 -20.7147803574472
"Q_68.75" -10.2023632035728 -11.0687811553061 -11.8183352534601 -12.6254303248856 -14.9933382859714 -16.2071471288156 -15.8655700770701 -16.9415761592704 -18.9521556357152 -18.6641007357238 -19.1759824467190 -22.4201566301866 -23.2114761844959
"Q_75" -9.29559061143077 -10.1446846374911 -11.1798029917612 -11.9393118392882 -13.0816590353238 -13.9307175796888 -15.2056958194783 -16.6879986277300 -16.8120781015628 -17.6216820774287 -18.1060355339095 -19.0176159778595 -20.2872832395641
"Q_81.25" -8.46409782173432 -9.40868521770268 -10.3249505639237 -11.3654935273982 -12.2452865751622 -13.3311365743910 -14.2104025459715 -15.1131514281244 -16.3156957700159 -17.1432528213513 -18.3221964508265 -19.2342395376497 -20.7053680008842
"Q_87.5" -7.44261324681856 -8.35113505945268 -9.31900286503127 -10.2895552972830 -11.3375165314269 -12.3519756082419 -13.3034709739172 -14.2478275773783 -15.3210219565987 -16.2044029449272 -17.3034785480494 -18.4826865436954 -19.2184059037141
"Q_93.75" -6.20943402435591 -7.07251804170965 -8.01553456933115 -8.97608604155547 -9.93372301151604 -10.9684796456631 -11.9371671691961 -12.9265742178609 -13.9198354479018 -14.8911160404467 -15.949955830209 -17.1249342988919 -18.0746125684514
"Q_100" -3.25845341138169 -3.61405157393448 -4.01494474520566 -4.44602011688438 -4.89974693525784 -5.36735475407618 -5.84476760176349 -6.33126114532868 -6.82334289678508 -7.32180548037489 -7.82628249349365 -8.3347752905091 -8.85228784383114
"x"
"1" -9.74768463311393
"2" -10.0943054450187
"3" -6.73824085026746
"4" -5.88209562960598
"5" -6.16768174670619
"6" -4.09385711824752
"7" -3.31235218153504
"8" -1.83171130606326
"9" -0.964924550939153
"x"
"1" -8.01339412778019
"2" -6.83857301963063
"3" -5.96236235011088
"4" -5.13510149363039
"5" -4.26260919229454
"6" -3.25933818393593
"7" -1.93203838225617
"8" Inf
