5e+05
"Dense" "Dense" "Dense" "Dense" "Dense" "Dense" "Dense" "Dense" "Dense" "Dense" "Dense" "Dense" "Dense"
"Q_50" -17.7618868562251 -16.8039361296377 -16.0789507595689 -20.9472779722403 -16.1273488798472 -17.3042725009985 -18.4410402352038 -20.2867214789042 -22.5574527621631 -21.1170287427356 -25.0605029582724 -24.6060533559588 -24.0153741231135
"Q_56.25" -8.83908002360681 -9.85692493587372 -10.8617894566760 -11.9047985219857 -12.7229522698877 -13.6610584906828 -14.7683500336406 -15.7818395443378 -16.3678905143493 -17.4683941686009 -18.5099421502436 -19.5310527094220 -20.3873175185017
"Q_62.5" -7.82666403296999 -8.80058708995034 -9.78849870010638 -10.7478565728019 -11.7185903076384 -12.7444331631765 -13.6994269682973 -14.7175413123283 -15.8854317287555 -16.9620967860872 -17.9120883016098 -18.5478867849966 -19.7131917045396
"Q_68.75" -7.14816885464187 -8.09439575107846 -9.0815329675983 -10.1425855411809 -11.1044786624430 -12.1510618853138 -13.1524051066492 -14.1580080420342 -15.2053677275901 -16.2594744809269 -17.1756579350848 -18.2873719548361 -19.3178252149765
"Q_75" -6.62334598919407 -7.60384675368757 -8.6024150822545 -9.59636649637003 -10.5724129879765 -11.5547801392444 -12.5764047224007 -13.5404273530222 -14.5794448447600 -15.6143250800924 -16.5680490214345 -17.4888068746028 -18.508205146575
"Q_81.25" -6.1209402185191 -7.07609789234294 -8.06920531174027 -9.07093418206682 -10.0512928284744 -11.0417426579005 -12.0450248802664 -13.0781728488162 -14.1012604290519 -15.0915213261521 -16.0673506890736 -17.0442803061466 -18.0475442689765
"Q_87.5" -5.59989698996046 -6.54265264891767 -7.52579717793155 -8.53388365335278 -9.50447904998676 -10.5044678578967 -11.5008978338436 -12.5016948497056 -13.5064880181707 -14.5138268721413 -15.4718809685540 -16.4811472562933 -17.4638637508871
"Q_93.75" -4.91082600543673 -5.83165272158043 -6.78745219193724 -7.77220390525278 -8.77573733180428 -9.75134386731396 -10.7548431781580 -11.7549820225404 -12.7676436814346 -13.7500273528610 -14.7726827331339 -15.7539208359955 -16.7917617732606
"Q_100" -2.90948610792929 -3.37198744804667 -3.8443288951982 -4.32597927036754 -4.81451860371671 -5.30740011231185 -5.80447074797425 -6.30302019571339 -6.80403459521548 -7.30813177365066 -7.81456672895714 -8.32646063637554 -8.84396914693822
"x"
"1" -7.55197531010561
"2" -5.09020765388995
"3" -3.75501408769116
"4" -2.91923685375757
"5" -2.63538587466851
"6" -2.05300848797816
"7" -1.54997010381259
"8" -0.743149686071803
"9" -0.774006158654328
"x"
"1" -4.81155360759471
"2" -3.76764857578146
"3" -3.10465299416891
"4" -2.56821362857323
"5" -2.06271283619608
"6" -1.51067917870543
"7" -0.756643732501032
"8" Inf
